red0031.jpg,800,600,red,291,496,315,548
red0031.jpg,800,600,red,392,496,417,551
red0031.jpg,800,600,red,495,496,521,552
red0025.jpg,800,600,red,99,293,157,419
red0025.jpg,800,600,red,343,302,400,429
red0025.jpg,800,600,red,579,309,641,435
red0019.jpg,800,600,red,121,284,179,412
red0019.jpg,800,600,red,369,287,429,416
red0019.jpg,800,600,red,619,289,682,420
red0018.jpg,800,600,red,201,340,251,452
red0018.jpg,800,600,red,416,346,468,460
red0018.jpg,800,600,red,628,353,679,462
red0024.jpg,800,600,red,203,480,230,539
red0024.jpg,800,600,red,311,483,339,542
red0024.jpg,800,600,red,417,487,445,545
red0030.jpg,800,600,red,43,393,81,483
red0030.jpg,800,600,red,215,399,254,487
red0030.jpg,800,600,red,385,405,425,492
red0026.jpg,800,600,red,153,471,179,534
red0026.jpg,800,600,red,267,474,296,538
red0026.jpg,800,600,red,382,479,411,540
red0032.jpg,800,600,red,221,545,239,581
red0032.jpg,800,600,red,286,547,304,582
red0032.jpg,800,600,red,349,549,366,584
red0033.jpg,800,600,red,98,249,162,389
red0033.jpg,800,600,red,370,254,434,394
red0033.jpg,800,600,red,645,258,709,400
red0027.jpg,800,600,red,34,146,110,319
red0027.jpg,800,600,red,373,148,452,325
red0027.jpg,800,600,red,714,154,796,329
red0023.jpg,800,600,red,4,143,71,317
red0023.jpg,800,600,red,335,156,413,331
red0023.jpg,800,600,red,669,171,748,343
red0037.jpg,800,600,red,113,266,170,400
red0037.jpg,800,600,red,371,270,433,407
red0037.jpg,800,600,red,634,275,696,410
red0036.jpg,800,600,red,28,210,93,360
red0036.jpg,800,600,red,320,226,386,372
red0036.jpg,800,600,red,597,242,664,385
red0022.jpg,800,600,red,186,309,238,429
red0022.jpg,800,600,red,413,319,464,436
red0022.jpg,800,600,red,637,321,693,441
red0008.jpg,800,600,red,190,320,241,435
red0008.jpg,800,600,red,413,325,465,438
red0008.jpg,800,600,red,633,333,689,447
red0034.jpg,800,600,red,85,227,150,376
red0034.jpg,800,600,red,369,231,438,382
red0034.jpg,800,600,red,657,238,729,384
red0020.jpg,800,600,red,333,459,363,526
red0020.jpg,800,600,red,454,462,487,530
red0020.jpg,800,600,red,575,467,608,534
red0021.jpg,800,600,red,300,469,330,532
red0021.jpg,800,600,red,416,473,446,536
red0021.jpg,800,600,red,531,476,561,540
red0035.jpg,800,600,red,53,175,125,338
red0035.jpg,800,600,red,372,180,446,345
red0035.jpg,800,600,red,694,187,770,349
red0009.jpg,800,600,red,94,223,160,371
red0009.jpg,800,600,red,383,226,452,378
red0009.jpg,800,600,red,676,234,746,381
red0091.jpg,800,600,red,159,478,187,537
red0091.jpg,800,600,red,270,481,298,543
red0091.jpg,800,600,red,383,483,409,542
red0085.jpg,800,600,red,289,488,313,545
red0085.jpg,800,600,red,393,488,420,545
red0085.jpg,800,600,red,497,489,525,551
red0052.jpg,800,600,red,79,219,143,369
red0052.jpg,800,600,red,370,221,438,375
red0052.jpg,800,600,red,667,226,736,379
red0046.jpg,800,600,red,271,573,284,598
red0046.jpg,800,600,red,316,575,330,599
red0046.jpg,800,600,red,361,576,375,599
red0047.jpg,800,600,red,77,196,146,354
red0047.jpg,800,600,red,378,203,455,358
red0047.jpg,800,600,red,693,209,764,362
red0053.jpg,800,600,red,29,212,92,360
red0053.jpg,800,600,red,316,225,386,374
red0053.jpg,800,600,red,596,240,663,383
red0084.jpg,800,600,red,149,471,178,532
red0084.jpg,800,600,red,267,474,296,537
red0084.jpg,800,600,red,383,477,409,539
red0090.jpg,800,600,red,77,193,145,352
red0090.jpg,800,600,red,385,197,455,358
red0090.jpg,800,600,red,691,205,769,364
red0086.jpg,800,600,red,25,202,88,360
red0086.jpg,800,600,red,321,220,385,372
red0086.jpg,800,600,red,599,234,668,380
red0092.jpg,800,600,red,101,246,161,386
red0092.jpg,800,600,red,374,252,438,392
red0092.jpg,800,600,red,651,255,715,395
red0045.jpg,800,600,red,48,218,112,368
red0045.jpg,800,600,red,338,229,408,379
red0045.jpg,800,600,red,629,242,692,387
red0051.jpg,800,600,red,384,0,495,192
red0079.jpg,800,600,red,4,146,72,318
red0079.jpg,800,600,red,336,159,414,330
red0079.jpg,800,600,red,665,180,748,342
red0078.jpg,800,600,red,62,241,126,384
red0078.jpg,800,600,red,342,249,405,390
red0078.jpg,800,600,red,614,264,679,400
red0050.jpg,800,600,red,85,226,150,374
red0050.jpg,800,600,red,377,231,440,379
red0050.jpg,800,600,red,663,235,733,382
red0044.jpg,800,600,red,88,103,168,291
red0044.jpg,800,600,red,455,114,539,301
red0093.jpg,800,600,red,76,203,139,358
red0093.jpg,800,600,red,375,210,445,363
red0093.jpg,800,600,red,679,214,754,368
red0087.jpg,800,600,red,4,88,78,278
red0087.jpg,800,600,red,377,93,462,287
red0087.jpg,800,600,red,757,96,798,293
red0083.jpg,800,600,red,93,240,154,382
red0083.jpg,800,600,red,372,242,433,389
red0083.jpg,800,600,red,650,249,717,394
red0097.jpg,800,600,red,319,446,352,519
red0097.jpg,800,600,red,448,449,484,520
red0097.jpg,800,600,red,588,451,615,521
red0068.jpg,800,600,red,41,225,103,373
red0068.jpg,800,600,red,322,239,384,384
red0068.jpg,800,600,red,588,252,652,393
red0040.jpg,800,600,red,201,342,249,450
red0040.jpg,800,600,red,418,347,464,458
red0040.jpg,800,600,red,626,352,679,462
red0054.jpg,800,600,red,32,210,93,363
red0054.jpg,800,600,red,319,230,383,376
red0054.jpg,800,600,red,596,239,661,388
red0055.jpg,800,600,red,42,159,115,329
red0055.jpg,800,600,red,372,160,448,334
red0055.jpg,800,600,red,706,166,785,338
red0041.jpg,800,600,red,4,16,42,235
red0041.jpg,800,600,red,385,23,481,244
red0069.jpg,800,600,red,76,511,96,557
red0069.jpg,800,600,red,161,513,182,561
red0069.jpg,800,600,red,243,516,264,562
red0096.jpg,800,600,red,277,468,309,534
red0096.jpg,800,600,red,394,474,422,538
red0096.jpg,800,600,red,505,479,537,540
red0082.jpg,800,600,red,237,525,260,570
red0082.jpg,800,600,red,314,529,334,571
red0082.jpg,800,600,red,388,531,409,574
red0094.jpg,800,600,red,200,340,251,452
red0094.jpg,800,600,red,414,345,467,458
red0094.jpg,800,600,red,629,352,680,463
red0080.jpg,800,600,red,98,436,131,512
red0080.jpg,800,600,red,240,442,271,515
red0080.jpg,800,600,red,378,446,411,517
red0057.jpg,800,600,red,146,465,173,532
red0057.jpg,800,600,red,262,471,292,535
red0057.jpg,800,600,red,382,472,412,535
red0043.jpg,800,600,red,213,338,265,450
red0043.jpg,800,600,red,427,343,479,454
red0043.jpg,800,600,red,644,351,695,456
red0042.jpg,800,600,red,313,467,343,532
red0042.jpg,800,600,red,435,469,462,534
red0042.jpg,800,600,red,554,471,583,536
red0056.jpg,800,600,red,69,249,130,388
red0056.jpg,800,600,red,343,259,403,397
red0056.jpg,800,600,red,608,266,672,404
red0081.jpg,800,600,red,199,340,247,452
red0081.jpg,800,600,red,413,346,466,459
red0081.jpg,800,600,red,629,354,680,461
red0095.jpg,800,600,red,36,388,75,479
red0095.jpg,800,600,red,212,395,252,482
red0095.jpg,800,600,red,382,400,425,494
red0098.jpg,800,600,red,120,448,153,519
red0098.jpg,800,600,red,252,453,285,521
red0098.jpg,800,600,red,379,456,413,527
red0073.jpg,800,600,red,4,52,54,261
red0073.jpg,800,600,red,378,55,470,269
red0067.jpg,800,600,red,14,192,82,352
red0067.jpg,800,600,red,318,211,385,362
red0067.jpg,800,600,red,604,225,677,377
red0066.jpg,800,600,red,66,195,134,355
red0066.jpg,800,600,red,372,201,446,361
red0066.jpg,800,600,red,679,207,753,366
red0072.jpg,800,600,red,128,381,171,478
red0072.jpg,800,600,red,308,388,352,482
red0072.jpg,800,600,red,486,396,528,487
red0099.jpg,800,600,red,12,105,93,295
red0099.jpg,800,600,red,376,107,463,297
red0099.jpg,800,600,red,747,113,797,302
red0064.jpg,800,600,red,95,223,157,375
red0064.jpg,800,600,red,387,230,449,379
red0064.jpg,800,600,red,676,234,744,379
red0070.jpg,800,600,red,199,342,252,454
red0070.jpg,800,600,red,415,349,464,461
red0070.jpg,800,600,red,625,354,679,465
red0058.jpg,800,600,red,123,282,178,412
red0058.jpg,800,600,red,372,286,428,417
red0058.jpg,800,600,red,619,288,683,420
red0059.jpg,800,600,red,76,413,111,500
red0059.jpg,800,600,red,225,421,262,504
red0059.jpg,800,600,red,378,428,414,508
red0071.jpg,800,600,red,179,496,202,551
red0071.jpg,800,600,red,278,500,304,555
red0071.jpg,800,600,red,374,503,402,558
red0065.jpg,800,600,red,232,523,255,568
red0065.jpg,800,600,red,312,525,333,570
red0065.jpg,800,600,red,390,529,410,571
red0049.jpg,800,600,red,162,482,191,543
red0049.jpg,800,600,red,272,486,299,546
red0049.jpg,800,600,red,379,488,410,550
red0061.jpg,800,600,red,49,169,120,335
red0061.jpg,800,600,red,372,173,447,342
red0061.jpg,800,600,red,698,180,777,346
red0075.jpg,800,600,red,232,551,247,588
red0075.jpg,800,600,red,288,554,308,587
red0075.jpg,800,600,red,349,554,367,588
red0074.jpg,800,600,red,253,471,285,535
red0074.jpg,800,600,red,369,476,400,539
red0074.jpg,800,600,red,481,479,510,542
red0060.jpg,800,600,red,260,71,346,269
red0060.jpg,800,600,red,647,95,736,287
red0048.jpg,800,600,red,131,287,189,416
red0048.jpg,800,600,red,379,288,433,419
red0048.jpg,800,600,red,626,295,684,421
red0089.jpg,800,600,red,29,210,93,364
red0089.jpg,800,600,red,320,224,383,374
red0089.jpg,800,600,red,596,245,664,387
red0076.jpg,800,600,red,90,221,157,369
red0076.jpg,800,600,red,381,224,450,377
red0076.jpg,800,600,red,678,228,746,381
red0062.jpg,800,600,red,57,182,126,344
red0062.jpg,800,600,red,371,187,445,348
red0062.jpg,800,600,red,688,192,766,354
red0063.jpg,800,600,red,205,531,226,573
red0063.jpg,800,600,red,276,535,296,575
red0063.jpg,800,600,red,347,538,368,578
red0077.jpg,800,600,red,58,166,132,337
red0077.jpg,800,600,red,382,173,457,342
red0077.jpg,800,600,red,706,176,786,346
red0088.jpg,800,600,red,87,229,147,375
red0088.jpg,800,600,red,371,234,435,380
red0088.jpg,800,600,red,656,238,726,386
red0010.jpg,800,600,red,207,536,229,576
red0010.jpg,800,600,red,279,537,298,577
red0010.jpg,800,600,red,346,538,367,578
red0004.jpg,800,600,red,184,311,237,430
red0004.jpg,800,600,red,409,319,466,438
red0004.jpg,800,600,red,634,328,688,442
red0038.jpg,800,600,red,76,421,112,501
red0038.jpg,800,600,red,228,423,264,506
red0038.jpg,800,600,red,379,429,417,507
red0039.jpg,800,600,red,38,140,115,316
red0039.jpg,800,600,red,381,143,459,323
red0039.jpg,800,600,red,726,149,796,327
red0005.jpg,800,600,red,109,258,166,397
red0005.jpg,800,600,red,372,264,434,401
red0005.jpg,800,600,red,638,268,704,405
red0011.jpg,800,600,red,220,347,270,457
red0011.jpg,800,600,red,428,350,478,461
red0011.jpg,800,600,red,637,356,683,462
red0007.jpg,800,600,red,16,190,83,351
red0007.jpg,800,600,red,317,212,387,366
red0007.jpg,800,600,red,605,227,675,376
red0013.jpg,800,600,red,218,494,241,545
red0013.jpg,800,600,red,312,494,336,546
red0013.jpg,800,600,red,409,497,434,551
red0012.jpg,800,600,red,78,95,171,292
red0012.jpg,800,600,red,457,108,543,296
red0006.jpg,800,600,red,115,277,172,408
red0006.jpg,800,600,red,369,281,429,411
red0006.jpg,800,600,red,625,285,686,418
red0002.jpg,800,600,red,197,504,221,554
red0002.jpg,800,600,red,288,507,312,559
red0002.jpg,800,600,red,377,511,401,559
red0016.jpg,800,600,red,152,475,181,537
red0016.jpg,800,600,red,271,479,296,538
red0016.jpg,800,600,red,382,483,409,544
red0017.jpg,800,600,red,106,260,166,398
red0017.jpg,800,600,red,371,268,430,400
red0017.jpg,800,600,red,637,271,699,405
red0003.jpg,800,600,red,80,421,119,503
red0003.jpg,800,600,red,230,425,263,505
red0003.jpg,800,600,red,379,431,415,505
red0029.jpg,800,600,red,98,438,134,513
red0029.jpg,800,600,red,240,445,271,518
red0029.jpg,800,600,red,379,449,412,522
red0015.jpg,800,600,red,76,258,134,397
red0015.jpg,800,600,red,341,269,401,399
red0015.jpg,800,600,red,604,276,669,410
red0001.jpg,800,600,red,115,276,171,407
red0001.jpg,800,600,red,371,277,430,412
red0001.jpg,800,600,red,623,283,688,417
red0000.jpg,800,600,red,68,202,138,358
red0000.jpg,800,600,red,372,210,442,366
red0000.jpg,800,600,red,672,211,749,367
red0014.jpg,800,600,red,66,178,139,344
red0014.jpg,800,600,red,386,187,456,347
red0014.jpg,800,600,red,704,191,778,353
red0028.jpg,800,600,red,47,149,118,324
red0028.jpg,800,600,red,379,155,457,332
red0028.jpg,800,600,red,720,165,796,335

